1.4359859 103.717088
1.439541 103.730985
1.3861586 103.6954122
1.418319 103.716853
1.4183191 103.7168531
1.44031 103.710185
1.429062 103.714101
1.4179499 103.7078584
1.4320097 103.7095991
1.420078 103.717158
1.3012741 103.9057527
1.320969 103.905396
1.305388 103.930614
1.3133577 103.9011458
1.3062283 103.9348507
1.3050662 103.9299722
1.3088209 103.9119813
1.3031878 103.9046789
1.3049557 103.8825591
1.3075113 103.9074512
1.302478 103.915737
1.3132614 103.9274861
1.3073155 103.8953188
1.3014935 103.9066629
1.3067223 103.9046415
1.3128814 103.8826608
1.3051676 103.9050652
1.308949 103.9026453
1.3052888 103.9301895
1.3037474 103.8965423
1.3075333 103.9078811
1.3030729 103.904665
1.313518 103.9008
1.3133239 103.9001627
1.2969341 103.9000983
1.3069929 103.8954572
1.3145104 103.9193348
1.3086343 103.9112369
1.312606 103.92325
1.3059468 103.9046204
1.3323945 103.8850505
1.31369 103.9316137
1.303001 103.904721
1.301246 103.905416
1.3121347 103.9227504
1.3072157 103.9065587
1.3100909 103.91829
1.3044334 103.8845225
1.3154126 103.8978768
1.2975901 103.9003601
1.3072766 103.907241
1.3158824 103.8832854
1.3075373 103.9241839
1.3141483 103.9194507
1.3136548 103.9015793
1.310007 103.8992957
1.301078 103.905279
1.3317794 103.9012081
1.3119875 103.9222689
1.3012744 103.9049817
1.2965857 103.8995642
1.3057134 103.9043333
1.3052623 103.8819227
1.2975859 103.9003169
1.3073385 103.9066108
1.3127464 103.900157
1.3133126 103.9274639
1.3129164 103.9247496
1.3115901 103.7945085
1.3115084 103.7967251
1.3115579 103.7945565
1.298414 103.816551
1.3243406 103.8096106
1.312078 103.796208
1.2986198 103.7748224
1.30477 103.81353
1.289272 103.7803638
1.31197 103.797152
1.283221 103.780681
1.305811 103.81175
1.3040937 103.7918398
1.300534 103.80685
1.304272 103.809996
1.3039174 103.8099227
1.3055551 103.811413
1.323784 103.810236
1.3113495 103.8149626
1.3226709 103.8138224
1.3105344 103.7949141
1.293234 103.77366
1.3057633 103.8109185
1.3241 103.8141811
1.304263 103.811118
1.3115946 103.7948992
1.309979 103.7951604
1.2872418 103.8032671
1.3234054 103.8104466
1.3119664 103.7943734
1.3117604 103.7946172
1.3119106 103.7944848
1.3036198 103.8103778
1.318841 103.8079842
1.305811 103.8117501
1.2877579 103.7904187
1.299137 103.775774
1.3244127 103.8092989
1.311441 103.794731
1.304342 103.810017
1.275072 103.794947
1.3227422 103.8143064
1.2856772 103.8028328
1.30667 103.811527
1.2942956 103.7960262
1.3118141 103.794665
1.312131 103.797115
1.3038766 103.791974
1.311228 103.796542
1.3043514 103.7871558
1.3114623 103.7951905
1.2994772 103.7876346
1.2857548 103.8036015
1.294399 103.796002
1.3118237 103.7942021
1.3116079 103.7947962
1.31155 103.796597
1.2998775 103.7681787
1.305467 103.815587
1.3115062 103.7946337
1.3049938 103.7877342
