1.3176197 103.8439396
1.3216405 103.8597407
1.3288376 103.8698844
1.3180661 103.8438194
1.3020519 103.8365267
1.309529 103.857281
1.301832 103.837014
1.3040614 103.8320211
1.326781 103.84502
1.304621 103.824856
1.3068712 103.8297146
1.3043946 103.8316836
1.306391 103.826948
1.3060746 103.8328736
1.317631 103.852924
1.3168425 103.8416237
1.304326 103.8239364
1.303748 103.832351
1.320056 103.843546
1.3060516 103.8310335
1.3036076 103.8350397
1.307644 103.82854
1.3113029 103.8266062
1.3117149 103.8364887
1.308151 103.8358373
1.3067808 103.8324535
1.3209491 103.8442723
1.3207333 103.8439134
1.3304254 103.8491752
1.303951 103.8351002
1.3070397 103.8522793
1.3130036 103.8260634
1.3063313 103.8333804
1.3164859 103.835518
1.2981557 103.8387927
1.3162267 103.8534917
1.3019769 103.836435
1.322222 103.8664759
1.3046378 103.8305181
1.2955148 103.8301527
1.3052511 103.8288558
1.33202 103.84952
1.3063222 103.8330908
1.3169336 103.8440097
1.333706 103.850892
1.3211107 103.85387
1.3022077 103.836443
1.3043484 103.8322493
1.3201862 103.843444
1.326206 103.8456
1.305889 103.8281623
1.3016511 103.8363256
1.311954 103.836501
1.3095421 103.8520549
1.305561 103.825854
1.310082 103.852201
1.332981 103.8492976
1.319594 103.827385
1.3064099 103.8269708
1.3140558 103.8573285
1.320027 103.843507
1.317189 103.8439226
1.3323204 103.848533
1.306464 103.833224
1.30665 103.82782
1.3109465 103.8352598
1.310088 103.841465
1.3118155 103.8366259
1.3255413 103.8494434
1.3111368 103.8265902
1.3048352 103.8242405
1.3267448 103.843377
1.30577 103.8294458
1.324369 103.851096
1.3119888 103.8395742
1.3241236 103.8517934
1.3283955 103.8699223
1.3081404 103.8569748
1.3084576 103.8509941
1.3366327 103.8366998
1.3200984 103.8527311
1.3097578 103.85729
1.312588 103.862961
1.30648 103.8316748
1.311725 103.836504
1.334897 103.746887
1.334916 103.746876
1.3501139 103.7491484
1.358873 103.7518574
1.3327624 103.7358445
1.3612338 103.7512528
1.344076 103.7381879
1.3496067 103.7265666
1.3581146 103.7678419
1.334916 103.746876
1.3576834 103.7605786
1.3498082 103.7491802
1.3347836 103.7469599
1.350038 103.7491819
1.359015 103.751101
1.3496427 103.7502975
1.3341278 103.7462948
1.3500657 103.7491642
1.3505376 103.7253974
1.3251386 103.7401844
1.3530863 103.7494219
1.3423757 103.7325809
1.3347766 103.7469297
1.3329591 103.7396297
1.3423757 103.7325809
1.3339971 103.7396553
1.3503246 103.7458806
1.3452426 103.7326223
1.3496523 103.74939
1.3208785 103.7433775
1.349046 103.7495689
1.3339571 103.7403321
1.3581629 103.7507487
1.3501053 103.7495243
1.35012 103.74927
1.3423757 103.7325809
1.344763 103.731524
1.334938 103.746872
1.3481666 103.7443516
1.3489403 103.7518073
1.34675 103.72908
1.334663 103.7469757
1.3282381 103.7516428
1.3588285 103.7676751
1.348204 103.744198
1.3126618 103.7489706
1.3722455 103.9498265
1.3765172 103.9551259
1.3605079 103.9476879
1.3793365 103.9550175
1.3783196 103.9425855
1.375721 103.9558021
1.3756141 103.9545055
1.3724902 103.9494277
1.3724951 103.9497678
1.3725862 103.9498599
1.3790849 103.955139
1.3724427 103.9500034
1.3667921 103.9644405
1.3666011 103.964193
1.386022 103.933674
1.3790849 103.955139
1.3727551 103.9494011
1.3924852 103.9170102
1.3790849 103.955139
1.3836111 103.9452778
1.379861 103.9361799
1.3723688 103.9493497
