1.334897 103.746887
1.334916 103.746876
1.3501139 103.7491484
1.358873 103.7518574
1.3327624 103.7358445
1.3422757 103.7762518
1.3612338 103.7512528
1.344076 103.7381879
1.3234801 103.7675359
1.3425058 103.7751342
1.3581146 103.7678419
1.3408144 103.7735726
1.334916 103.746876
1.3576834 103.7605786
1.3498082 103.7491802
1.3347836 103.7469599
1.350038 103.7491819
1.359015 103.751101
1.3404107 103.7745391
1.3496427 103.7502975
1.3341278 103.7462948
1.3219047 103.7697369
1.3408899 103.7738239
1.3500657 103.7491642
1.3251386 103.7401844
1.3530863 103.7494219
1.3225903 103.7696352
1.3224934 103.7701721
1.3423757 103.7325809
1.3347766 103.7469297
1.3329591 103.7396297
1.3423757 103.7325809
1.3339971 103.7396553
1.3503246 103.7458806
1.340849 103.7737443
1.343074 103.7760852
1.3452426 103.7326223
1.3496523 103.74939
1.3208785 103.7433775
1.336076 103.768149
1.349046 103.7495689
1.3339571 103.7403321
1.3581629 103.7507487
1.3501053 103.7495243
1.35012 103.74927
1.3423757 103.7325809
1.34909 103.770732
1.344763 103.731524
1.334938 103.746872
1.3400071 103.7748901
1.3481666 103.7443516
1.3489403 103.7518073
1.334663 103.7469757
1.3424062 103.7765231
1.3282381 103.7516428
1.3154219 103.7668398
1.342935 103.7750442
1.3588285 103.7676751
1.348204 103.744198
1.3126618 103.7489706
1.289031 103.844587
1.2805532 103.8461947
1.291104 103.8576486
1.2985045 103.8550528
1.2798008 103.8540925
1.2829717 103.8440311
1.3011459 103.8598994
1.3005323 103.8595078
1.2909412 103.8573637
1.294726 103.852524
1.3012225 103.8526731
1.2913351 103.8584675
1.2825133 103.8535104
1.290768 103.8582
1.2946453 103.8531695
1.2787374 103.8437659
1.2896468 103.8560756
1.2784485 103.8427697
1.2912412 103.8572563
1.2801831 103.8414512
1.2952171 103.8520862
1.2971543 103.8520689
1.3000074 103.8748373
1.28561 103.8464201
1.2857338 103.859367
1.3010688 103.8599563
1.285205 103.859978
1.2824408 103.8466737
1.2966409 103.8488257
1.2798877 103.8438372
1.273522 103.8450212
1.293556 103.858892
1.284062 103.859706
1.3061234 103.8660805
1.279354 103.8405095
1.289177 103.848111
1.3009417 103.8600501
1.2894285 103.8562023
1.289981 103.855234
1.2932949 103.853548
1.2912174 103.8407792
1.2893153 103.8441555
1.2949517 103.8521172
1.283354 103.848955
1.2826316 103.8600468
1.2990126 103.8552553
1.2883675 103.836748
1.2950401 103.8520862
1.2774355 103.8437013
1.2859691 103.8595517
1.2901157 103.8391775
1.2983676 103.8563345
1.2894831 103.836424
1.2999535 103.8743638
1.2838375 103.8445834
1.290842 103.860185
1.293079 103.858284
1.2776795 103.8427104
1.2965439 103.8548966
1.2823578 103.8465045
1.2807835 103.8417988
1.282535 103.853588
1.2858554 103.8540314
1.2966924 103.8566514
1.294499 103.859225
1.289062 103.84833
1.2930256 103.8589826
1.2853692 103.8596605
1.2937155 103.8535097
1.291032 103.857551
1.293258 103.858397
1.3019385 103.8600111
1.2938383 103.8418629
1.2817169 103.8455124
1.2885093 103.8374112
1.2772333 103.8463972
1.29906 103.85544
1.2947153 103.8593584
1.2859175 103.854071
1.3031511 103.8587157
1.293733 103.8594103
1.2910245 103.8411964
1.2939383 103.8541842
1.288942 103.847714
1.2875312 103.8412108
1.334897 103.746887
1.334916 103.746876
1.3501139 103.7491484
1.358873 103.7518574
1.3327624 103.7358445
1.3612338 103.7512528
1.344076 103.7381879
1.3496067 103.7265666
1.3581146 103.7678419
1.334916 103.746876
1.3576834 103.7605786
1.3498082 103.7491802
1.3347836 103.7469599
1.350038 103.7491819
1.359015 103.751101
1.3496427 103.7502975
1.3341278 103.7462948
1.3500657 103.7491642
1.3505376 103.7253974
1.3251386 103.7401844
1.3530863 103.7494219
1.3423757 103.7325809
1.3347766 103.7469297
1.3329591 103.7396297
1.3423757 103.7325809
1.3339971 103.7396553
1.3503246 103.7458806
1.3452426 103.7326223
1.3496523 103.74939
1.3208785 103.7433775
1.349046 103.7495689
1.3339571 103.7403321
1.3581629 103.7507487
1.3501053 103.7495243
1.35012 103.74927
1.3423757 103.7325809
1.344763 103.731524
1.334938 103.746872
1.3481666 103.7443516
1.3489403 103.7518073
1.34675 103.72908
1.334663 103.7469757
1.3282381 103.7516428
1.3588285 103.7676751
1.348204 103.744198
1.3126618 103.7489706
