1.3012741 103.9057527
1.320969 103.905396
1.3133577 103.9011458
1.3319703 103.8827782
1.3088209 103.9119813
1.3031878 103.9046789
1.3049557 103.8825591
1.3075113 103.9074512
1.302478 103.915737
1.3073155 103.8953188
1.3014935 103.9066629
1.3067223 103.9046415
1.3128814 103.8826608
1.3051676 103.9050652
1.308949 103.9026453
1.3037474 103.8965423
1.3075333 103.9078811
1.3030729 103.904665
1.313518 103.9008
1.3133239 103.9001627
1.2969341 103.9000983
1.3069929 103.8954572
1.3145104 103.9193348
1.3086343 103.9112369
1.312606 103.92325
1.3059468 103.9046204
1.3323945 103.8850505
1.303001 103.904721
1.301246 103.905416
1.3121347 103.9227504
1.3072157 103.9065587
1.3100909 103.91829
1.3044334 103.8845225
1.3154126 103.8978768
1.2975901 103.9003601
1.3072766 103.907241
1.3158824 103.8832854
1.3075373 103.9241839
1.3141483 103.9194507
1.3136548 103.9015793
1.310007 103.8992957
1.301078 103.905279
1.3317794 103.9012081
1.3119875 103.9222689
1.3012744 103.9049817
1.2965857 103.8995642
1.3057134 103.9043333
1.3052623 103.8819227
1.2975859 103.9003169
1.3073385 103.9066108
1.3127464 103.900157
1.3129164 103.9247496
1.3722455 103.9498265
1.3765172 103.9551259
1.352672 103.944765
1.352672 103.944765
1.3605079 103.9476879
1.35243 103.944764
1.3793365 103.9550175
1.3530612 103.9437198
1.3783196 103.9425855
1.375721 103.9558021
1.3525299 103.9442956
1.3756141 103.9545055
1.352399 103.943758
1.3544356 103.9452294
1.3724902 103.9494277
1.352672 103.944765
1.3724951 103.9497678
1.354212 103.9450353
1.3525889 103.944808
1.352672 103.944765
1.3725862 103.9498599
1.3542233 103.9451523
1.3790849 103.955139
1.3724427 103.9500034
1.3667921 103.9644405
1.3666011 103.964193
1.386022 103.933674
1.3790849 103.955139
1.3539952 103.9451043
1.3727551 103.9494011
1.3924852 103.9170102
1.3790849 103.955139
1.352672 103.944765
1.3526196 103.9440896
1.3836111 103.9452778
1.379861 103.9361799
1.3723688 103.9493497
1.336742 103.947448
1.352672 103.944765
1.352672 103.944765
1.3317011 103.9470877
1.3285227 103.9351756
1.3260826 103.9295974
1.35243 103.944764
1.3379307 103.9645163
1.3334964 103.9482215
1.331605 103.948781
1.3530612 103.9437198
1.3334948 103.9571828
1.3312962 103.9480034
1.3427734 103.9530928
1.3525299 103.9442956
1.3334006 103.9595833
1.331847 103.939684
1.3161897 103.9774584
1.3427503 103.9529239
1.352399 103.943758
1.3544356 103.9452294
1.321633 103.955694
1.3160576 103.9770059
1.352672 103.944765
1.354212 103.9450353
1.3525889 103.944808
1.352672 103.944765
1.3216 103.95562
1.333879 103.9598364
1.3338716 103.9625623
1.3542233 103.9451523
1.3315662 103.9372545
1.331821 103.946359
1.3148782 103.9414186
1.337701 103.921399
1.3539952 103.9451043
1.336318 103.94726
1.329839 103.9309
1.334632 103.961381
1.352672 103.944765
1.3185551 103.9740143
1.3526196 103.9440896
1.3104677 103.9460774
