1.289031 103.844587
1.2805532 103.8461947
1.291104 103.8576486
1.2985045 103.8550528
1.2798008 103.8540925
1.2829717 103.8440311
1.3011459 103.8598994
1.3005323 103.8595078
1.2909412 103.8573637
1.2933494 103.8325606
1.294726 103.852524
1.3012225 103.8526731
1.2913351 103.8584675
1.2825133 103.8535104
1.290768 103.8582
1.2946453 103.8531695
1.2787374 103.8437659
1.2896468 103.8560756
1.2784485 103.8427697
1.2912412 103.8572563
1.2801831 103.8414512
1.2952171 103.8520862
1.2971543 103.8520689
1.3000074 103.8748373
1.28561 103.8464201
1.2857338 103.859367
1.3010688 103.8599563
1.285205 103.859978
1.2824408 103.8466737
1.2966409 103.8488257
1.2798877 103.8438372
1.273522 103.8450212
1.293556 103.858892
1.284062 103.859706
1.3061234 103.8660805
1.279354 103.8405095
1.289177 103.848111
1.3009417 103.8600501
1.2894285 103.8562023
1.289981 103.855234
1.2932949 103.853548
1.2912174 103.8407792
1.2893153 103.8441555
1.2949517 103.8521172
1.283354 103.848955
1.2826316 103.8600468
1.2990126 103.8552553
1.2883675 103.836748
1.2950401 103.8520862
1.2774355 103.8437013
1.2859691 103.8595517
1.2901157 103.8391775
1.2983676 103.8563345
1.2894831 103.836424
1.2999535 103.8743638
1.2838375 103.8445834
1.290842 103.860185
1.293079 103.858284
1.2776795 103.8427104
1.2965439 103.8548966
1.2823578 103.8465045
1.2807835 103.8417988
1.282535 103.853588
1.2858554 103.8540314
1.2966924 103.8566514
1.294499 103.859225
1.289062 103.84833
1.2930256 103.8589826
1.2853692 103.8596605
1.2937155 103.8535097
1.291032 103.857551
1.293258 103.858397
1.3019385 103.8600111
1.2938383 103.8418629
1.2817169 103.8455124
1.2885093 103.8374112
1.2772333 103.8463972
1.29906 103.85544
1.2947153 103.8593584
1.2859175 103.854071
1.3031511 103.8587157
1.293733 103.8594103
1.2910245 103.8411964
1.2939383 103.8541842
1.288942 103.847714
1.2875312 103.8412108
1.3399435 103.7063661
1.3209507 103.7067067
1.329802 103.682586
1.325641 103.72498
1.3395356 103.7066264
1.3392055 103.7051053
1.348365 103.7243379
1.3402743 103.7042697
1.3391895 103.7086764
1.3396463 103.7052069
1.3473264 103.6802842
1.3390965 103.7062168
1.3400443 103.7062817
1.3861586 103.6954122
1.339215 103.706382
1.3390526 103.7057848
1.3401105 103.7062885
1.3400264 103.7062986
1.3389624 103.7055618
1.3401512 103.706557
1.34152 103.696988
1.3392478 103.706562
1.3496998 103.718191
1.3488716 103.6975533
1.3488779 103.7035696
1.3522376 103.7159318
1.3344018 103.7222136
1.3389731 103.7056306
1.32092 103.708801
1.3210136 103.7088561
1.3396764 103.7069407
1.3394642 103.7064282
1.3391112 103.7060581
1.341603 103.6971886
1.3621589 103.9900509
1.3907145 103.9792434
1.354392 103.989098
1.3890925 103.9874546
1.3884156 103.987645
1.391539 103.990029
1.3889899 103.9778095
1.3905716 103.9858758
1.350013 103.986939
1.349977 103.986977
1.3560897 103.9863362
1.360432 103.97047
1.358695 103.987985
1.3597907 103.9697377
1.3500132 103.9869387
1.390106 103.987807
1.356716 103.98651
1.354371 103.98517
1.3546063 103.9892829
1.362233 103.9737444
1.3899721 103.9884865
1.354371 103.98517
1.3544182 103.9881767
1.3905875 103.986
1.391043 103.9863735
1.3552373 103.9890839
