1.3399435 103.7063661
1.3209507 103.7067067
1.329802 103.682586
1.325641 103.72498
1.3395356 103.7066264
1.3392055 103.7051053
1.348365 103.7243379
1.3402743 103.7042697
1.3496067 103.7265666
1.3391895 103.7086764
1.3396463 103.7052069
1.3473264 103.6802842
1.3390965 103.7062168
1.3400443 103.7062817
1.339215 103.706382
1.3390526 103.7057848
1.3401105 103.7062885
1.3400264 103.7062986
1.3389624 103.7055618
1.3505376 103.7253974
1.3401512 103.706557
1.34152 103.696988
1.3392478 103.706562
1.3496998 103.718191
1.3488716 103.6975533
1.3488779 103.7035696
1.3522376 103.7159318
1.3344018 103.7222136
1.3389731 103.7056306
1.34675 103.72908
1.32092 103.708801
1.3210136 103.7088561
1.3396764 103.7069407
1.3394642 103.7064282
1.3391112 103.7060581
1.341603 103.6971886
1.3621589 103.9900509
1.3907145 103.9792434
1.354392 103.989098
1.3890925 103.9874546
1.3884156 103.987645
1.391539 103.990029
1.3889899 103.9778095
1.3905716 103.9858758
1.350013 103.986939
1.349977 103.986977
1.3560897 103.9863362
1.360432 103.97047
1.358695 103.987985
1.3597907 103.9697377
1.3500132 103.9869387
1.390106 103.987807
1.356716 103.98651
1.354371 103.98517
1.3546063 103.9892829
1.362233 103.9737444
1.3899721 103.9884865
1.354371 103.98517
1.3544182 103.9881767
1.3905875 103.986
1.391043 103.9863735
1.3552373 103.9890839
1.3422757 103.7762518
1.3234801 103.7675359
1.3425058 103.7751342
1.3313842 103.8068955
1.3312785 103.8074167
1.3408144 103.7735726
1.3366825 103.7834377
1.337685 103.793667
1.3404107 103.7745391
1.3317259 103.7939574
1.3357543 103.7866572
1.324331 103.79662
1.3219047 103.7697369
1.3408899 103.7738239
1.3314176 103.795212
1.324257 103.79676
1.3389684 103.7931795
1.330757 103.7950523
1.3225903 103.7696352
1.3224934 103.7701721
1.33166 103.8071465
1.331755 103.806437
1.3389215 103.7930186
1.3326817 103.7910096
1.340849 103.7737443
1.3305807 103.7974173
1.3357718 103.7867169
1.333132 103.790587
1.343074 103.7760852
1.3150829 103.7711377
1.336076 103.768149
1.309546 103.763868
1.337972 103.7934954
1.3311504 103.8072854
1.34909 103.770732
1.3400071 103.7748901
1.3375348 103.7937025
1.3424062 103.7765231
1.3455405 103.7963026
1.3154219 103.7668398
1.335713 103.786536
1.3375822 103.7935498
1.342935 103.7750442
1.3170536 103.7787363
1.3330446 103.7907305
1.3317806 103.793983
1.3430655 103.7972417
1.3364266 103.7869282
