1.2633937 103.8224426
1.263433 103.823289
1.2554377 103.8205691
1.2634811 103.8213094
1.243341 103.828233
1.263732 103.821391
1.2788208 103.8131941
1.2462292 103.8423452
1.24517 103.827905
1.255179 103.8218107
1.2451944 103.8279855
1.2634275 103.8228512
1.265116 103.825666
1.264002 103.812509
1.2738443 103.8032773
1.26338 103.823537
1.263423 103.822826
1.2647924 103.8221695
1.2644044 103.8226469
1.2479728 103.8275047
1.4447509 103.7293874
1.4359859 103.717088
1.439541 103.730985
1.4729766 103.6792811
1.473612 103.724388
1.4627791 103.7319934
1.418319 103.716853
1.4183191 103.7168531
1.44031 103.710185
1.460014 103.7041139
1.466237 103.7290039
1.46058 103.70489
1.429062 103.714101
1.4179499 103.7078584
1.461302 103.7054362
1.4320097 103.7095991
1.4730621 103.6953925
1.420078 103.717158
1.4651555 103.7302501
1.3012741 103.9057527
1.320969 103.905396
1.305388 103.930614
1.3133577 103.9011458
1.3062283 103.9348507
1.3050662 103.9299722
1.3088209 103.9119813
1.3031878 103.9046789
1.3075113 103.9074512
1.302478 103.915737
1.3132614 103.9274861
1.3073155 103.8953188
1.3014935 103.9066629
1.3067223 103.9046415
1.3051676 103.9050652
1.308949 103.9026453
1.3052888 103.9301895
1.3037474 103.8965423
1.3075333 103.9078811
1.3030729 103.904665
1.313518 103.9008
1.3133239 103.9001627
1.2969341 103.9000983
1.3069929 103.8954572
1.3145104 103.9193348
1.3086343 103.9112369
1.312606 103.92325
1.3059468 103.9046204
1.31369 103.9316137
1.303001 103.904721
1.301246 103.905416
1.3121347 103.9227504
1.3072157 103.9065587
1.3100909 103.91829
1.3154126 103.8978768
1.2975901 103.9003601
1.3072766 103.907241
1.3075373 103.9241839
1.3141483 103.9194507
1.3136548 103.9015793
1.310007 103.8992957
1.301078 103.905279
1.3317794 103.9012081
1.3119875 103.9222689
1.3012744 103.9049817
1.2965857 103.8995642
1.3057134 103.9043333
1.2975859 103.9003169
1.3073385 103.9066108
1.3127464 103.900157
1.3133126 103.9274639
1.3129164 103.9247496
