1.3243406 103.8096106
1.3313842 103.8068955
1.323784 103.810236
1.3312785 103.8074167
1.3366825 103.7834377
1.3226709 103.8138224
1.337685 103.793667
1.3241 103.8141811
1.3317259 103.7939574
1.3357543 103.7866572
1.324331 103.79662
1.3314176 103.795212
1.324257 103.79676
1.3389684 103.7931795
1.3234054 103.8104466
1.330757 103.7950523
1.33166 103.8071465
1.318841 103.8079842
1.331755 103.806437
1.3244127 103.8092989
1.3389215 103.7930186
1.3326817 103.7910096
1.3305807 103.7974173
1.3357718 103.7867169
1.333132 103.790587
1.3227422 103.8143064
1.337972 103.7934954
1.3311504 103.8072854
1.3375348 103.7937025
1.3455405 103.7963026
1.335713 103.786536
1.3375822 103.7935498
1.3330446 103.7907305
1.3317806 103.793983
1.3430655 103.7972417
1.3364266 103.7869282
1.2633937 103.8224426
1.263433 103.823289
1.2554377 103.8205691
1.2634811 103.8213094
1.243341 103.828233
1.263732 103.821391
1.2788208 103.8131941
1.2462292 103.8423452
1.24517 103.827905
1.255179 103.8218107
1.2451944 103.8279855
1.2634275 103.8228512
1.265116 103.825666
1.264002 103.812509
1.2738443 103.8032773
1.26338 103.823537
1.263423 103.822826
1.2647924 103.8221695
1.2644044 103.8226469
1.2479728 103.8275047
1.4447509 103.7293874
1.4359859 103.717088
1.439541 103.730985
1.4729766 103.6792811
1.418319 103.716853
1.4183191 103.7168531
1.44031 103.710185
1.460014 103.7041139
1.46058 103.70489
1.429062 103.714101
1.4179499 103.7078584
1.461302 103.7054362
1.4320097 103.7095991
1.4730621 103.6953925
1.420078 103.717158
