1.3693113 103.8486986
1.351464 103.8353105
1.3552137 103.8301511
1.3519998 103.8352131
1.3765798 103.8280379
1.3547 103.83103
1.3520773 103.8359485
1.350969 103.8724571
1.3473803 103.8675402
1.3650871 103.8661222
1.3502022 103.8430696
1.3506027 103.8486267
1.3533218 103.8347317
1.3641745 103.8655505
1.3717808 103.847578
1.3622902 103.8474133
1.3642125 103.8665621
1.3719787 103.8495381
1.3634807 103.8654529
1.3708306 103.8459868
1.351864 103.8352665
1.3585953 103.8548329
1.367046 103.8667992
1.3537852 103.8342905
1.3528252 103.836407
1.367516 103.856308
1.3808419 103.8465126
1.3738685 103.8456481
1.3629144 103.8556385
1.3546465 103.8309845
1.3838183 103.8467087
1.3724289 103.844726
1.3771316 103.8280871
1.3692879 103.8480881
1.3803947 103.8461461
1.3434146 103.8703261
1.3556698 103.8400174
1.3401945 103.8580739
1.3718278 103.8478972
1.3692879 103.8480881
1.3422757 103.7762518
1.3234801 103.7675359
1.3425058 103.7751342
1.3313842 103.8068955
1.3312785 103.8074167
1.3408144 103.7735726
1.3366825 103.7834377
1.337685 103.793667
1.3404107 103.7745391
1.3317259 103.7939574
1.3357543 103.7866572
1.324331 103.79662
1.3219047 103.7697369
1.3408899 103.7738239
1.3314176 103.795212
1.324257 103.79676
1.3389684 103.7931795
1.330757 103.7950523
1.3225903 103.7696352
1.3224934 103.7701721
1.33166 103.8071465
1.331755 103.806437
1.3389215 103.7930186
1.3326817 103.7910096
1.340849 103.7737443
1.3305807 103.7974173
1.3357718 103.7867169
1.333132 103.790587
1.343074 103.7760852
1.3150829 103.7711377
1.336076 103.768149
1.309546 103.763868
1.337972 103.7934954
1.3311504 103.8072854
1.34909 103.770732
1.3400071 103.7748901
1.3375348 103.7937025
1.3424062 103.7765231
1.3455405 103.7963026
1.3154219 103.7668398
1.335713 103.786536
1.3375822 103.7935498
1.342935 103.7750442
1.3170536 103.7787363
1.3330446 103.7907305
1.3317806 103.793983
1.3430655 103.7972417
1.3364266 103.7869282
1.289031 103.844587
1.2805532 103.8461947
1.291104 103.8576486
1.2985045 103.8550528
1.2798008 103.8540925
1.2829717 103.8440311
1.3011459 103.8598994
1.3005323 103.8595078
1.2909412 103.8573637
1.2933494 103.8325606
1.294726 103.852524
1.3012225 103.8526731
1.2913351 103.8584675
1.2825133 103.8535104
1.290768 103.8582
1.2946453 103.8531695
1.2787374 103.8437659
1.2896468 103.8560756
1.2784485 103.8427697
1.2912412 103.8572563
1.2801831 103.8414512
1.2952171 103.8520862
1.2971543 103.8520689
1.28561 103.8464201
1.2857338 103.859367
1.3010688 103.8599563
1.285205 103.859978
1.2824408 103.8466737
1.2966409 103.8488257
1.2798877 103.8438372
1.273522 103.8450212
1.293556 103.858892
1.284062 103.859706
1.279354 103.8405095
1.289177 103.848111
1.3009417 103.8600501
1.2894285 103.8562023
1.289981 103.855234
1.2932949 103.853548
1.2912174 103.8407792
1.2893153 103.8441555
1.2949517 103.8521172
1.283354 103.848955
1.2826316 103.8600468
1.2990126 103.8552553
1.2883675 103.836748
1.2950401 103.8520862
1.2774355 103.8437013
1.2859691 103.8595517
1.2901157 103.8391775
1.2983676 103.8563345
1.2894831 103.836424
1.2838375 103.8445834
1.290842 103.860185
1.293079 103.858284
1.2776795 103.8427104
1.2965439 103.8548966
1.2823578 103.8465045
1.2807835 103.8417988
1.282535 103.853588
1.2858554 103.8540314
1.2966924 103.8566514
1.294499 103.859225
1.289062 103.84833
1.2930256 103.8589826
1.2853692 103.8596605
1.2937155 103.8535097
1.291032 103.857551
1.293258 103.858397
1.3019385 103.8600111
1.2938383 103.8418629
1.2817169 103.8455124
1.2885093 103.8374112
1.2772333 103.8463972
1.29906 103.85544
1.2947153 103.8593584
1.2859175 103.854071
1.3031511 103.8587157
1.293733 103.8594103
1.2910245 103.8411964
1.2939383 103.8541842
1.288942 103.847714
1.2875312 103.8412108
