1.4447509 103.7293874
1.4729766 103.6792811
1.473612 103.724388
1.4627791 103.7319934
1.4714748 103.7365697
1.460014 103.7041139
1.466237 103.7290039
1.46058 103.70489
1.4723 103.737
1.461302 103.7054362
1.4730621 103.6953925
1.4651555 103.7302501
1.435048 103.78702
1.4325441 103.7740734
1.4357244 103.7862784
1.4671176 103.802638
1.431706 103.7735082
1.464963 103.806665
1.4577381 103.7972857
1.4357244 103.7862784
1.4357244 103.7862784
1.4405297 103.8014657
1.4374289 103.7951402
1.450893 103.806198
1.4295871 103.7753118
1.442727 103.7705926
1.436319 103.7862414
1.4438766 103.7817825
1.428142 103.7675043
1.4352032 103.7868236
1.4429771 103.7772167
1.429083 103.7811815
1.4456887 103.7981859
1.44596 103.79817
1.4052136 103.7904838
1.4293353 103.780704
1.4371539 103.7545526
1.4361555 103.7859809
1.435152 103.787195
1.403843 103.7894558
1.436319 103.7862414
1.435048 103.78702
1.4325441 103.7740734
1.4357244 103.7862784
1.4671176 103.802638
1.431706 103.7735082
1.4629551 103.8140955
1.464963 103.806665
1.4577381 103.7972857
1.4357244 103.7862784
1.4357244 103.7862784
1.4405297 103.8014657
1.4374289 103.7951402
1.450893 103.806198
1.4295871 103.7753118
1.442727 103.7705926
1.436319 103.7862414
1.4438766 103.7817825
1.428142 103.7675043
1.4352032 103.7868236
1.4429771 103.7772167
1.429083 103.7811815
1.4456887 103.7981859
1.44596 103.79817
1.4052136 103.7904838
1.4293353 103.780704
1.45289 103.8103894
1.4361555 103.7859809
1.435152 103.787195
1.403843 103.7894558
1.436319 103.7862414
