1.3722455 103.9498265
1.3765172 103.9551259
1.352672 103.944765
1.352672 103.944765
1.3605079 103.9476879
1.35243 103.944764
1.3793365 103.9550175
1.3530612 103.9437198
1.3783196 103.9425855
1.375721 103.9558021
1.3525299 103.9442956
1.3756141 103.9545055
1.352399 103.943758
1.3544356 103.9452294
1.3724902 103.9494277
1.352672 103.944765
1.3724951 103.9497678
1.354212 103.9450353
1.3525889 103.944808
1.352672 103.944765
1.3725862 103.9498599
1.3542233 103.9451523
1.3790849 103.955139
1.3724427 103.9500034
1.3667921 103.9644405
1.3666011 103.964193
1.386022 103.933674
1.3790849 103.955139
1.3539952 103.9451043
1.3727551 103.9494011
1.3790849 103.955139
1.352672 103.944765
1.3526196 103.9440896
1.3836111 103.9452778
1.379861 103.9361799
1.3723688 103.9493497
1.3176197 103.8439396
1.3216405 103.8597407
1.3288376 103.8698844
1.3180661 103.8438194
1.309529 103.857281
1.326781 103.84502
1.3319703 103.8827782
1.317631 103.852924
1.3168425 103.8416237
1.320056 103.843546
1.3473803 103.8675402
1.3209491 103.8442723
1.3207333 103.8439134
1.3304254 103.8491752
1.3070397 103.8522793
1.3162267 103.8534917
1.322222 103.8664759
1.33202 103.84952
1.3169336 103.8440097
1.333706 103.850892
1.3211107 103.85387
1.3201862 103.843444
1.326206 103.8456
1.3095421 103.8520549
1.310082 103.852201
1.332981 103.8492976
1.3140558 103.8573285
1.320027 103.843507
1.317189 103.8439226
1.3323204 103.848533
1.3255413 103.8494434
1.3267448 103.843377
1.324369 103.851096
1.3241236 103.8517934
1.3283955 103.8699223
1.3081404 103.8569748
1.3084576 103.8509941
1.3434146 103.8703261
1.3366327 103.8366998
1.3200984 103.8527311
1.3401945 103.8580739
1.3097578 103.85729
1.312588 103.862961
1.4810189 103.77338
1.4656805 103.7600608
1.4606421 103.7618926
1.459383 103.763083
1.461514 103.763848
1.45698 103.75955
1.470981 103.755568
1.4815571 103.7735436
1.4636617 103.7639701
1.4680075 103.7471051
1.473612 103.724388
1.4627791 103.7319934
1.4714748 103.7365697
1.461685 103.764023
1.461722 103.7614388
1.4806613 103.7734759
1.466237 103.7290039
1.4683583 103.7496726
1.4723 103.737
1.469798 103.7812028
1.465369 103.759686
1.484033 103.77454
1.462733 103.7738401
1.4371539 103.7545526
1.471446 103.783743
1.4725397 103.774878
1.4659389 103.7436879
1.4651555 103.7302501
