1.430906 103.826959
1.441872 103.824824
1.4197403 103.8263293
1.441872 103.824824
1.4537451 103.8196234
1.4301297 103.8355896
1.4293511 103.8357997
1.3972157 103.8187945
1.4298653 103.8358301
1.4030778 103.8182573
1.4629551 103.8140955
1.410939 103.843691
1.42592 103.8257657
1.489517 103.8497429
1.4482809 103.8197618
1.4296126 103.83573
1.4206643 103.8271659
1.4294436 103.8356334
1.4136525 103.8447643
1.4300926 103.8357157
1.449661 103.8186264
1.4346645 103.8383711
1.4303588 103.8353931
1.4244582 103.8404655
1.41117 103.84498
1.4298364 103.8279322
1.423845 103.840826
1.4537044 103.8328239
1.3995206 103.8178728
1.4202357 103.8263379
1.4149224 103.8351395
1.421441 103.825917
1.4484165 103.819167
1.4423509 103.8252503
1.441805 103.8248911
1.4434781 103.8260433
1.4404582 103.8249888
1.4317661 103.8285067
1.45289 103.8103894
1.4298312 103.8354763
1.3975697 103.8185697
1.4634512 103.8366976
1.4291641 103.8357454
1.298414 103.816551
1.3020519 103.8365267
1.301832 103.837014
1.3040614 103.8320211
1.2933494 103.8325606
1.304621 103.824856
1.3068712 103.8297146
1.3043946 103.8316836
1.306391 103.826948
1.3060746 103.8328736
1.304326 103.8239364
1.303748 103.832351
1.3113495 103.8149626
1.3226709 103.8138224
1.3060516 103.8310335
1.3036076 103.8350397
1.307644 103.82854
1.3113029 103.8266062
1.3117149 103.8364887
1.3241 103.8141811
1.308151 103.8358373
1.3067808 103.8324535
1.303951 103.8351002
1.3130036 103.8260634
1.3063313 103.8333804
1.3164859 103.835518
1.2981557 103.8387927
1.3019769 103.836435
1.3046378 103.8305181
1.2955148 103.8301527
1.3052511 103.8288558
1.3063222 103.8330908
1.3022077 103.836443
1.3043484 103.8322493
1.3227422 103.8143064
1.305889 103.8281623
1.3016511 103.8363256
1.311954 103.836501
1.305561 103.825854
1.319594 103.827385
1.3064099 103.8269708
1.306464 103.833224
1.30665 103.82782
1.3109465 103.8352598
1.310088 103.841465
1.3118155 103.8366259
1.3111368 103.8265902
1.3048352 103.8242405
1.30577 103.8294458
1.3119888 103.8395742
1.305467 103.815587
1.30648 103.8316748
1.311725 103.836504
1.3216405 103.8597407
1.3288376 103.8698844
1.309529 103.857281
1.3319703 103.8827782
1.3049557 103.8825591
1.3128814 103.8826608
1.3000074 103.8748373
1.322222 103.8664759
1.3061234 103.8660805
1.3323945 103.8850505
1.3044334 103.8845225
1.2999535 103.8743638
1.3158824 103.8832854
1.3140558 103.8573285
1.3283955 103.8699223
1.3081404 103.8569748
1.3434146 103.8703261
1.3052623 103.8819227
1.3097578 103.85729
1.312588 103.862961
