1.3115901 103.7945085
1.3115084 103.7967251
1.3115579 103.7945565
1.298414 103.816551
1.312078 103.796208
1.2986198 103.7748224
1.30477 103.81353
1.289272 103.7803638
1.31197 103.797152
1.283221 103.780681
1.305811 103.81175
1.3040937 103.7918398
1.300534 103.80685
1.304272 103.809996
1.3039174 103.8099227
1.3055551 103.811413
1.3113495 103.8149626
1.3105344 103.7949141
1.293234 103.77366
1.3057633 103.8109185
1.304263 103.811118
1.3115946 103.7948992
1.309979 103.7951604
1.2872418 103.8032671
1.3119664 103.7943734
1.3117604 103.7946172
1.3119106 103.7944848
1.3036198 103.8103778
1.305811 103.8117501
1.2877579 103.7904187
1.299137 103.775774
1.311441 103.794731
1.304342 103.810017
1.275072 103.794947
1.2856772 103.8028328
1.30667 103.811527
1.2942956 103.7960262
1.3118141 103.794665
1.3150829 103.7711377
1.309546 103.763868
1.312131 103.797115
1.3038766 103.791974
1.311228 103.796542
1.3043514 103.7871558
1.3114623 103.7951905
1.2994772 103.7876346
1.2857548 103.8036015
1.294399 103.796002
1.3118237 103.7942021
1.3116079 103.7947962
1.3170536 103.7787363
1.31155 103.796597
1.2998775 103.7681787
1.305467 103.815587
1.3115062 103.7946337
1.3049938 103.7877342
1.4810189 103.77338
1.4656805 103.7600608
1.4606421 103.7618926
1.459383 103.763083
1.461514 103.763848
1.45698 103.75955
1.470981 103.755568
1.4815571 103.7735436
1.4636617 103.7639701
1.4680075 103.7471051
1.4714748 103.7365697
1.461685 103.764023
1.461722 103.7614388
1.4806613 103.7734759
1.4683583 103.7496726
1.4723 103.737
1.469798 103.7812028
1.465369 103.759686
1.484033 103.77454
1.462733 103.7738401
1.471446 103.783743
1.4725397 103.774878
1.4659389 103.7436879
1.4078855 103.7443229
1.3854368 103.7448539
1.3972191 103.747086
1.392026 103.7431348
1.380575 103.722129
1.3870731 103.7289806
1.3849117 103.7448301
1.373284 103.7631415
1.3854864 103.7450042
1.3855237 103.7447452
1.3794019 103.7644476
1.3921866 103.742726
1.392026 103.7431348
1.3841669 103.7369593
1.3780179 103.7390541
1.3850853 103.7448031
1.398312 103.747039
1.3938508 103.7277233
1.383802 103.770558
1.3853931 103.7447972
1.3855693 103.7450648
1.3949994 103.7446865
1.397104 103.746509
1.3852921 103.7448006
1.3968929 103.7464799
1.3798954 103.7643667
1.3855156 103.7449521
1.3974091 103.7467303
1.3796564 103.7644375
1.3853805 103.7447772
1.3964123 103.7535445
1.3972252 103.7468982
1.3777597 103.7386113
1.381435 103.751861
1.39808 103.74711
1.397396 103.7466732
1.3854808 103.7450564
1.3910449 103.7480112
1.4076051 103.7447146
