1.305388 103.930614
1.336742 103.947448
1.3062283 103.9348507
1.3050662 103.9299722
1.3317011 103.9470877
1.3285227 103.9351756
1.3260826 103.9295974
1.3379307 103.9645163
1.3334964 103.9482215
1.331605 103.948781
1.3132614 103.9274861
1.3334948 103.9571828
1.3312962 103.9480034
1.3427734 103.9530928
1.3052888 103.9301895
1.3334006 103.9595833
1.331847 103.939684
1.3161897 103.9774584
1.3427503 103.9529239
1.321633 103.955694
1.3160576 103.9770059
1.3216 103.95562
1.333879 103.9598364
1.3338716 103.9625623
1.31369 103.9316137
1.3315662 103.9372545
1.331821 103.946359
1.3148782 103.9414186
1.337701 103.921399
1.336318 103.94726
1.329839 103.9309
1.334632 103.961381
1.3185551 103.9740143
1.3104677 103.9460774
1.3133126 103.9274639
1.430906 103.826959
1.441872 103.824824
1.4197403 103.8263293
1.441872 103.824824
1.4537451 103.8196234
1.4301297 103.8355896
1.4293511 103.8357997
1.3972157 103.8187945
1.4298653 103.8358301
1.4030778 103.8182573
1.4629551 103.8140955
1.410939 103.843691
1.42592 103.8257657
1.489517 103.8497429
1.4482809 103.8197618
1.4296126 103.83573
1.4206643 103.8271659
1.4294436 103.8356334
1.4136525 103.8447643
1.4300926 103.8357157
1.449661 103.8186264
1.4346645 103.8383711
1.4303588 103.8353931
1.4244582 103.8404655
1.41117 103.84498
1.4298364 103.8279322
1.423845 103.840826
1.4537044 103.8328239
1.3995206 103.8178728
1.4202357 103.8263379
1.4149224 103.8351395
1.421441 103.825917
1.4484165 103.819167
1.4423509 103.8252503
1.441805 103.8248911
1.4434781 103.8260433
1.4404582 103.8249888
1.4317661 103.8285067
1.45289 103.8103894
1.4298312 103.8354763
1.3975697 103.8185697
1.4634512 103.8366976
1.4291641 103.8357454
1.430906 103.826959
1.441872 103.824824
1.4197403 103.8263293
1.441872 103.824824
1.4537451 103.8196234
1.4301297 103.8355896
1.4293511 103.8357997
1.3972157 103.8187945
1.4298653 103.8358301
1.4030778 103.8182573
1.410939 103.843691
1.42592 103.8257657
1.489517 103.8497429
1.4482809 103.8197618
1.4296126 103.83573
1.4206643 103.8271659
1.4294436 103.8356334
1.4136525 103.8447643
1.4300926 103.8357157
1.449661 103.8186264
1.4346645 103.8383711
1.4303588 103.8353931
1.4244582 103.8404655
1.41117 103.84498
1.4298364 103.8279322
1.423845 103.840826
1.4537044 103.8328239
1.3995206 103.8178728
1.4202357 103.8263379
1.4149224 103.8351395
1.421441 103.825917
1.4484165 103.819167
1.4423509 103.8252503
1.441805 103.8248911
1.4434781 103.8260433
1.4404582 103.8249888
1.4317661 103.8285067
1.4298312 103.8354763
1.3975697 103.8185697
1.4634512 103.8366976
1.4291641 103.8357454
