1.4810189 103.77338
1.4656805 103.7600608
1.4606421 103.7618926
1.459383 103.763083
1.461514 103.763848
1.45698 103.75955
1.470981 103.755568
1.4815571 103.7735436
1.4636617 103.7639701
1.4680075 103.7471051
1.461685 103.764023
1.461722 103.7614388
1.4806613 103.7734759
1.4683583 103.7496726
1.469798 103.7812028
1.465369 103.759686
1.484033 103.77454
1.462733 103.7738401
1.471446 103.783743
1.4725397 103.774878
1.4659389 103.7436879
1.336742 103.947448
1.3317011 103.9470877
1.3285227 103.9351756
1.3260826 103.9295974
1.3379307 103.9645163
1.3334964 103.9482215
1.331605 103.948781
1.3334948 103.9571828
1.3312962 103.9480034
1.3427734 103.9530928
1.3334006 103.9595833
1.331847 103.939684
1.3161897 103.9774584
1.3427503 103.9529239
1.321633 103.955694
1.3160576 103.9770059
1.3216 103.95562
1.333879 103.9598364
1.3338716 103.9625623
1.3315662 103.9372545
1.331821 103.946359
1.3148782 103.9414186
1.337701 103.921399
1.336318 103.94726
1.329839 103.9309
1.334632 103.961381
1.3185551 103.9740143
1.3104677 103.9460774
1.2633937 103.8224426
1.263433 103.823289
1.2554377 103.8205691
1.2634811 103.8213094
1.243341 103.828233
1.263732 103.821391
1.2788208 103.8131941
1.2462292 103.8423452
1.24517 103.827905
1.255179 103.8218107
1.2451944 103.8279855
1.2634275 103.8228512
1.265116 103.825666
1.264002 103.812509
1.2738443 103.8032773
1.26338 103.823537
1.263423 103.822826
1.2647924 103.8221695
1.2644044 103.8226469
1.2479728 103.8275047
