1.4078855 103.7443229
1.3854368 103.7448539
1.3972191 103.747086
1.392026 103.7431348
1.380575 103.722129
1.3870731 103.7289806
1.3849117 103.7448301
1.373284 103.7631415
1.3854864 103.7450042
1.3855237 103.7447452
1.3794019 103.7644476
1.3921866 103.742726
1.392026 103.7431348
1.3841669 103.7369593
1.3780179 103.7390541
1.3850853 103.7448031
1.398312 103.747039
1.3938508 103.7277233
1.383802 103.770558
1.3853931 103.7447972
1.3855693 103.7450648
1.3949994 103.7446865
1.397104 103.746509
1.3852921 103.7448006
1.3968929 103.7464799
1.3798954 103.7643667
1.3855156 103.7449521
1.3974091 103.7467303
1.3796564 103.7644375
1.3853805 103.7447772
1.3964123 103.7535445
1.3972252 103.7468982
1.3777597 103.7386113
1.381435 103.751861
1.39808 103.74711
1.397396 103.7466732
1.3854808 103.7450564
1.3910449 103.7480112
1.4076051 103.7447146
1.4078855 103.7443229
1.3854368 103.7448539
1.3972191 103.747086
1.392026 103.7431348
1.380575 103.722129
1.3870731 103.7289806
1.3849117 103.7448301
1.373284 103.7631415
1.3854864 103.7450042
1.3855237 103.7447452
1.3794019 103.7644476
1.3921866 103.742726
1.392026 103.7431348
1.3841669 103.7369593
1.3780179 103.7390541
1.3850853 103.7448031
1.398312 103.747039
1.3938508 103.7277233
1.383802 103.770558
1.3853931 103.7447972
1.3855693 103.7450648
1.3949994 103.7446865
1.397104 103.746509
1.3852921 103.7448006
1.3968929 103.7464799
1.3798954 103.7643667
1.3855156 103.7449521
1.3974091 103.7467303
1.3796564 103.7644375
1.3853805 103.7447772
1.3964123 103.7535445
1.3972252 103.7468982
1.3777597 103.7386113
1.381435 103.751861
1.39808 103.74711
1.397396 103.7466732
1.3854808 103.7450564
1.3910449 103.7480112
1.4076051 103.7447146
1.3399435 103.7063661
1.3209507 103.7067067
1.329802 103.682586
1.325641 103.72498
1.3395356 103.7066264
1.3392055 103.7051053
1.348365 103.7243379
1.3402743 103.7042697
1.3391895 103.7086764
1.3396463 103.7052069
1.3473264 103.6802842
1.3390965 103.7062168
1.3400443 103.7062817
1.3861586 103.6954122
1.339215 103.706382
1.3390526 103.7057848
1.3401105 103.7062885
1.3400264 103.7062986
1.3389624 103.7055618
1.3401512 103.706557
1.34152 103.696988
1.3392478 103.706562
1.3496998 103.718191
1.3488716 103.6975533
1.3488779 103.7035696
1.3522376 103.7159318
1.3344018 103.7222136
1.3389731 103.7056306
1.32092 103.708801
1.3210136 103.7088561
1.3396764 103.7069407
1.3394642 103.7064282
1.3391112 103.7060581
1.341603 103.6971886
