1.3621589 103.9900509
1.3907145 103.9792434
1.354392 103.989098
1.3890925 103.9874546
1.3884156 103.987645
1.391539 103.990029
1.3889899 103.9778095
1.3905716 103.9858758
1.350013 103.986939
1.349977 103.986977
1.3560897 103.9863362
1.360432 103.97047
1.358695 103.987985
1.3597907 103.9697377
1.3500132 103.9869387
1.390106 103.987807
1.356716 103.98651
1.354371 103.98517
1.3546063 103.9892829
1.362233 103.9737444
1.3899721 103.9884865
1.354371 103.98517
1.3544182 103.9881767
1.3905875 103.986
1.391043 103.9863735
1.3552373 103.9890839
1.3115901 103.7945085
1.3115084 103.7967251
1.3115579 103.7945565
1.3243406 103.8096106
1.312078 103.796208
1.2986198 103.7748224
1.30477 103.81353
1.289272 103.7803638
1.31197 103.797152
1.283221 103.780681
1.305811 103.81175
1.3040937 103.7918398
1.300534 103.80685
1.304272 103.809996
1.3039174 103.8099227
1.3055551 103.811413
1.323784 103.810236
1.3105344 103.7949141
1.293234 103.77366
1.3057633 103.8109185
1.304263 103.811118
1.3115946 103.7948992
1.309979 103.7951604
1.2872418 103.8032671
1.3234054 103.8104466
1.3119664 103.7943734
1.3117604 103.7946172
1.3119106 103.7944848
1.3036198 103.8103778
1.318841 103.8079842
1.305811 103.8117501
1.2877579 103.7904187
1.299137 103.775774
1.3244127 103.8092989
1.311441 103.794731
1.304342 103.810017
1.275072 103.794947
1.2856772 103.8028328
1.30667 103.811527
1.2942956 103.7960262
1.3118141 103.794665
1.312131 103.797115
1.3038766 103.791974
1.311228 103.796542
1.3043514 103.7871558
1.3114623 103.7951905
1.2994772 103.7876346
1.2857548 103.8036015
1.294399 103.796002
1.3118237 103.7942021
1.3116079 103.7947962
1.31155 103.796597
1.2998775 103.7681787
1.3115062 103.7946337
1.3049938 103.7877342
1.3176197 103.8439396
1.3180661 103.8438194
1.3020519 103.8365267
1.301832 103.837014
1.3040614 103.8320211
1.326781 103.84502
1.304621 103.824856
1.3068712 103.8297146
1.3043946 103.8316836
1.306391 103.826948
1.3060746 103.8328736
1.317631 103.852924
1.3168425 103.8416237
1.304326 103.8239364
1.303748 103.832351
1.320056 103.843546
1.3060516 103.8310335
1.3036076 103.8350397
1.307644 103.82854
1.3113029 103.8266062
1.3117149 103.8364887
1.308151 103.8358373
1.3067808 103.8324535
1.3209491 103.8442723
1.3207333 103.8439134
1.3304254 103.8491752
1.303951 103.8351002
1.3070397 103.8522793
1.3130036 103.8260634
1.3063313 103.8333804
1.3164859 103.835518
1.2981557 103.8387927
1.3162267 103.8534917
1.3019769 103.836435
1.3046378 103.8305181
1.2955148 103.8301527
1.3052511 103.8288558
1.33202 103.84952
1.3063222 103.8330908
1.3169336 103.8440097
1.333706 103.850892
1.3211107 103.85387
1.3022077 103.836443
1.3043484 103.8322493
1.3201862 103.843444
1.326206 103.8456
1.305889 103.8281623
1.3016511 103.8363256
1.311954 103.836501
1.3095421 103.8520549
1.305561 103.825854
1.310082 103.852201
1.332981 103.8492976
1.319594 103.827385
1.3064099 103.8269708
1.320027 103.843507
1.317189 103.8439226
1.3323204 103.848533
1.306464 103.833224
1.30665 103.82782
1.3109465 103.8352598
1.310088 103.841465
1.3118155 103.8366259
1.3255413 103.8494434
1.3111368 103.8265902
1.3048352 103.8242405
1.3267448 103.843377
1.30577 103.8294458
1.324369 103.851096
1.3119888 103.8395742
1.3241236 103.8517934
1.3084576 103.8509941
1.3366327 103.8366998
1.3200984 103.8527311
1.30648 103.8316748
1.311725 103.836504
