1.3968326 103.8873117
1.3978609 103.8733034
1.3982126 103.8732428
1.3795021 103.8882076
1.3723874 103.8940645
1.3963235 103.8729321
1.359434 103.885555
1.3510906 103.8910636
1.3595496 103.8884093
1.357478 103.875552
1.3738647 103.8868624
1.3539537 103.878451
1.3722876 103.8937376
1.372229 103.886342
1.3594985 103.8855017
1.3971205 103.8730062
1.3969748 103.8729263
1.4038223 103.9064005
1.3555286 103.8794344
1.3973467 103.8730249
1.3969527 103.8729924
1.3924852 103.9170102
1.387456 103.869295
1.3594214 103.8847963
1.385885 103.8731388
1.3594625 103.8852149
1.359626 103.8853804
1.3723359 103.8938859
1.3968326 103.8873117
1.3978609 103.8733034
1.3982126 103.8732428
1.3795021 103.8882076
1.350969 103.8724571
1.3723874 103.8940645
1.3963235 103.8729321
1.359434 103.885555
1.3650871 103.8661222
1.3641745 103.8655505
1.3510906 103.8910636
1.3642125 103.8665621
1.3595496 103.8884093
1.3634807 103.8654529
1.357478 103.875552
1.3738647 103.8868624
1.3539537 103.878451
1.367046 103.8667992
1.3722876 103.8937376
1.372229 103.886342
1.3594985 103.8855017
1.3971205 103.8730062
1.3969748 103.8729263
1.4038223 103.9064005
1.3555286 103.8794344
1.3973467 103.8730249
1.3969527 103.8729924
1.387456 103.869295
1.3594214 103.8847963
1.385885 103.8731388
1.3594625 103.8852149
1.359626 103.8853804
1.3723359 103.8938859
1.3693113 103.8486986
1.351464 103.8353105
1.3552137 103.8301511
1.3519998 103.8352131
1.3765798 103.8280379
1.3547 103.83103
1.3520773 103.8359485
1.3502022 103.8430696
1.3506027 103.8486267
1.3533218 103.8347317
1.3717808 103.847578
1.3622902 103.8474133
1.3719787 103.8495381
1.3708306 103.8459868
1.351864 103.8352665
1.3585953 103.8548329
1.3537852 103.8342905
1.3528252 103.836407
1.367516 103.856308
1.3808419 103.8465126
1.3738685 103.8456481
1.3629144 103.8556385
1.3546465 103.8309845
1.3838183 103.8467087
1.3724289 103.844726
1.3771316 103.8280871
1.3692879 103.8480881
1.3803947 103.8461461
1.3556698 103.8400174
1.3401945 103.8580739
1.3718278 103.8478972
1.3692879 103.8480881
