1.4078855  103.7443229
1.3722455  103.9498265
1.435048  103.78702
1.3115901  103.7945085
1.3968326  103.8873117
1.4325441  103.7740734
1.3693113  103.8486986
1.430906  103.826959
1.351464  103.8353105
1.4810189  103.77338
1.334897  103.746887
1.3115084  103.7967251
1.3621589  103.9900509
1.3115579  103.7945565
1.298414  103.816551
1.289031  103.844587
1.334916  103.746876
1.3399435  103.7063661
1.2805532  103.8461947
1.3209507  103.7067067
1.4656805  103.7600608
1.441872  103.824824
1.3243406  103.8096106
1.4357244  103.7862784
1.312078  103.796208
1.2986198  103.7748224
1.3012741  103.9057527
1.3854368  103.7448539
1.3501139  103.7491484
1.3176197  103.8439396
1.3552137  103.8301511
1.320969  103.905396
1.3216405  103.8597407
1.329802  103.682586
1.4606421  103.7618926
1.2633937  103.8224426
1.305388  103.930614
1.325641  103.72498
1.30477  103.81353
1.336742  103.947448
1.289272  103.7803638
1.358873  103.7518574
1.291104  103.8576486
1.3288376  103.8698844
1.3180661  103.8438194
1.2985045  103.8550528
1.459383  103.763083
1.3020519  103.8365267
1.2798008  103.8540925
1.3327624  103.7358445
1.3765172  103.9551259
1.3133577  103.9011458
1.3519998  103.8352131
1.31197  103.797152
1.3062283  103.9348507
1.283221  103.780681
1.309529  103.857281
1.352672  103.944765
1.461514  103.763848
1.2829717  103.8440311
1.352672  103.944765
1.3050662  103.9299722
1.3011459  103.8598994
1.3422757  103.7762518
1.4447509  103.7293874
1.305811  103.81175
1.301832  103.837014
1.3972191  103.747086
1.3040614  103.8320211
1.3005323  103.8595078
1.326781  103.84502
1.392026  103.7431348
1.3765798  103.8280379
1.3978609  103.8733034
1.3319703  103.8827782
1.3612338  103.7512528
1.4671176  103.802638
1.380575  103.722129
1.2909412  103.8573637
1.344076  103.7381879
1.2933494  103.8325606
1.294726  103.852524
1.3234801  103.7675359
1.3395356  103.7066264
1.304621  103.824856
1.4197403  103.8263293
1.3012225  103.8526731
1.3870731  103.7289806
1.3317011  103.9470877
1.3547  103.83103
1.3982126  103.8732428
1.3040937  103.7918398
1.3068712  103.8297146
1.3795021  103.8882076
1.3520773  103.8359485
1.3285227  103.9351756
1.2913351  103.8584675
1.300534  103.80685
1.3425058  103.7751342
1.441872  103.824824
1.3313842  103.8068955
1.3088209  103.9119813
1.3907145  103.9792434
1.354392  103.989098
1.3392055  103.7051053
1.4359859  103.717088
1.348365  103.7243379
1.3890925  103.9874546
1.3043946  103.8316836
1.3402743  103.7042697
1.3605079  103.9476879
1.350969  103.8724571
1.3723874  103.8940645
1.3884156  103.987645
1.4537451  103.8196234
1.304272  103.809996
1.3963235  103.8729321
1.306391  103.826948
1.3496067  103.7265666
1.3849117  103.7448301
1.3031878  103.9046789
1.3260826  103.9295974
1.3039174  103.8099227
1.4301297  103.8355896
1.359434  103.885555
1.4293511  103.8357997
1.45698  103.75955
1.3055551  103.811413
1.3060746  103.8328736
1.35243  103.944764
1.3391895  103.7086764
1.3581146  103.7678419
1.3379307  103.9645163
1.317631  103.852924
1.3168425  103.8416237
1.323784  103.810236
1.304326  103.8239364
1.3312785  103.8074167
1.303748  103.832351
1.3113495  103.8149626
1.3408144  103.7735726
1.3334964  103.9482215
1.320056  103.843546
1.3049557  103.8825591
1.3972157  103.8187945
1.334916  103.746876
1.373284  103.7631415
1.2825133  103.8535104
1.263433  103.823289
1.3473803  103.8675402
1.3075113  103.9074512
1.431706  103.7735082
1.3793365  103.9550175
1.3366825  103.7834377
1.3226709  103.8138224
1.3396463  103.7052069
1.3060516  103.8310335
1.302478  103.915737
1.3036076  103.8350397
1.4298653  103.8358301
1.470981  103.755568
1.3650871  103.8661222
1.290768  103.8582
1.307644  103.82854
1.439541  103.730985
1.2554377  103.8205691
1.4729766  103.6792811
1.2634811  103.8213094
1.391539  103.990029
1.331605  103.948781
1.3132614  103.9274861
1.3105344  103.7949141
1.3473264  103.6802842
1.3854864  103.7450042
1.3530612  103.9437198
1.3783196  103.9425855
1.337685  103.793667
1.3502022  103.8430696
1.3073155  103.8953188
1.3334948  103.9571828
1.4030778  103.8182573
1.3506027  103.8486267
1.3576834  103.7605786
1.3014935  103.9066629
1.3533218  103.8347317
1.3113029  103.8266062
1.2946453  103.8531695
1.3390965  103.7062168
1.3400443  103.7062817
1.3498082  103.7491802
1.4629551  103.8140955
1.3347836  103.7469599
1.4815571  103.7735436
1.293234  103.77366
1.3889899  103.9778095
1.3855237  103.7447452
1.3057633  103.8109185
1.3905716  103.9858758
1.3794019  103.7644476
1.410939  103.843691
1.2787374  103.8437659
1.3312962  103.9480034
1.375721  103.9558021
1.2896468  103.8560756
1.350038  103.7491819
1.359015  103.751101
1.3117149  103.8364887
1.464963  103.806665
1.3861586  103.6954122
1.3241  103.8141811
1.308151  103.8358373
1.4577381  103.7972857
1.304263  103.811118
1.2784485  103.8427697
1.3641745  103.8655505
1.3115946  103.7948992
1.3067223  103.9046415
1.42592  103.8257657
1.243341  103.828233
1.3128814  103.8826608
1.2912412  103.8572563
1.3067808  103.8324535
1.3404107  103.7745391
1.3317259  103.7939574
1.2801831  103.8414512
1.4636617  103.7639701
1.339215  103.706382
1.3051676  103.9050652
1.4680075  103.7471051
1.473612  103.724388
1.2952171  103.8520862
1.263732  103.821391
1.308949  103.9026453
1.3357543  103.7866572
1.3390526  103.7057848
1.3427734  103.9530928
1.324331  103.79662
1.489517  103.8497429
1.3717808  103.847578
1.2788208  103.8131941
1.3921866  103.742726
1.4357244  103.7862784
1.3209491  103.8442723
1.4357244  103.7862784
1.3496427  103.7502975
1.3207333  103.8439134
1.4627791  103.7319934
1.3341278  103.7462948
1.309979  103.7951604
1.3219047  103.7697369
1.3304254  103.8491752
1.303951  103.8351002
1.3622902  103.8474133
1.4482809  103.8197618
1.392026  103.7431348
1.3510906  103.8910636
1.418319  103.716853
1.3408899  103.7738239
1.3314176  103.795212
1.3642125  103.8665621
1.2971543  103.8520689
1.3841669  103.7369593
1.3401105  103.7062885
1.3052888  103.9301895
1.3780179  103.7390541
1.3000074  103.8748373
1.28561  103.8464201
1.3070397  103.8522793
1.2857338  103.859367
1.3850853  103.7448031
1.3719787  103.8495381
1.3037474  103.8965423
1.3010688  103.8599563
1.285205  103.859978
1.2824408  103.8466737
1.2966409  103.8488257
1.4405297  103.8014657
1.3400264  103.7062986
1.3525299  103.9442956
1.3130036  103.8260634
1.2798877  103.8438372
1.3334006  103.9595833
1.3063313  103.8333804
1.273522  103.8450212
1.293556  103.858892
1.3164859  103.835518
1.3389624  103.7055618
1.4714748  103.7365697
1.331847  103.939684
1.398312  103.747039
1.3756141  103.9545055
1.4296126  103.83573
1.4374289  103.7951402
1.3161897  103.9774584
1.284062  103.859706
1.324257  103.79676
1.2981557  103.8387927
1.3162267  103.8534917
1.3595496  103.8884093
1.3500657  103.7491642
1.2462292  103.8423452
1.3634807  103.8654529
1.3427503  103.9529239
1.3019769  103.836435
1.4206643  103.8271659
1.24517  103.827905
1.3075333  103.9078811
1.322222  103.8664759
1.350013  103.986939
1.4294436  103.8356334
1.450893  103.806198
1.3030729  103.904665
1.3389684  103.7931795
1.357478  103.875552
1.2872418  103.8032671
1.4136525  103.8447643
1.3061234  103.8660805
1.3505376  103.7253974
1.3708306  103.8459868
1.352399  103.943758
1.3544356  103.9452294
1.3401512  103.706557
1.255179  103.8218107
1.3046378  103.8305181
1.3234054  103.8104466
1.4183191  103.7168531
1.2955148  103.8301527
1.330757  103.7950523
1.3724902  103.9494277
1.4300926  103.8357157
1.3119664  103.7943734
1.3117604  103.7946172
1.321633  103.955694
1.3738647  103.8868624
1.3251386  103.7401844
1.3052511  103.8288558
1.349977  103.986977
1.3160576  103.9770059
1.313518  103.9008
1.352672  103.944765
1.3133239  103.9001627
1.3530863  103.7494219
1.2969341  103.9000983
1.3069929  103.8954572
1.3724951  103.9497678
1.354212  103.9450353
1.2451944  103.8279855
1.34152  103.696988
1.33202  103.84952
1.3938508  103.7277233
1.3225903  103.7696352
1.3392478  103.706562
1.383802  103.770558
1.2634275  103.8228512
1.3224934  103.7701721
1.3119106  103.7944848
1.3853931  103.7447972
1.3036198  103.8103778
1.3525889  103.944808
1.449661  103.8186264
1.279354  103.8405095
1.352672  103.944765
1.3423757  103.7325809
1.3347766  103.7469297
1.3855693  103.7450648
1.33166  103.8071465
1.265116  103.825666
1.3496998  103.718191
1.3216  103.95562
1.3063222  103.8330908
1.333879  103.9598364
1.3169336  103.8440097
1.4295871  103.7753118
1.4346645  103.8383711
1.3488716  103.6975533
1.3338716  103.9625623
1.442727  103.7705926
1.351864  103.8352665
1.436319  103.7862414
1.3560897  103.9863362
1.333706  103.850892
1.289177  103.848111
1.360432  103.97047
1.3329591  103.7396297
1.3585953  103.8548329
1.3009417  103.8600501
1.3725862  103.9498599
1.3488779  103.7035696
1.3539537  103.878451
1.367046  103.8667992
1.3145104  103.9193348
1.3537852  103.8342905
1.461685  103.764023
1.3086343  103.9112369
1.318841  103.8079842
1.3722876  103.8937376
1.305811  103.8117501
1.4303588  103.8353931
1.4438766  103.7817825
1.358695  103.987985
1.372229  103.886342
1.312606  103.92325
1.3949994  103.7446865
1.2894285  103.8562023
1.3528252  103.836407
1.3423757  103.7325809
1.397104  103.746509
1.3522376  103.7159318
1.461722  103.7614388
1.289981  103.855234
1.3852921  103.7448006
1.2877579  103.7904187
1.4806613  103.7734759
1.3339971  103.7396553
1.331755  103.806437
1.299137  103.775774
1.3244127  103.8092989
1.311441  103.794731
1.3594985  103.8855017
1.3968929  103.7464799
1.3597907  103.9697377
1.3389215  103.7930186
1.3059468  103.9046204
1.3326817  103.7910096
1.3798954  103.7643667
1.3503246  103.7458806
1.3211107  103.85387
1.2932949  103.853548
1.304342  103.810017
1.3022077  103.836443
1.3043484  103.8322493
1.3971205  103.8730062
1.275072  103.794947
1.3323945  103.8850505
1.3500132  103.9869387
1.340849  103.7737443
1.2912174  103.8407792
1.3201862  103.843444
1.31369  103.9316137
1.3305807  103.7974173
1.2893153  103.8441555
1.326206  103.8456
1.3357718  103.7867169
1.333132  103.790587
1.428142  103.7675043
1.303001  103.904721
1.2949517  103.8521172
1.343074  103.7760852
1.283354  103.848955
1.3227422  103.8143064
1.4244582  103.8404655
1.301246  103.905416
1.2826316  103.8600468
1.2856772  103.8028328
1.2990126  103.8552553
1.30667  103.811527
1.3969748  103.8729263
1.2883675  103.836748
1.305889  103.8281623
1.2950401  103.8520862
1.41117  103.84498
1.44031  103.710185
1.3542233  103.9451523
1.3121347  103.9227504
1.3315662  103.9372545
1.3016511  103.8363256
1.3855156  103.7449521
1.4038223  103.9064005
1.3072157  103.9065587
1.3452426  103.7326223
1.2942956  103.7960262
1.3496523  103.74939
1.3100909  103.91829
1.3790849  103.955139
1.460014  103.7041139
1.2774355  103.8437013
1.3044334  103.8845225
1.390106  103.987807
1.3974091  103.7467303
1.331821  103.946359
1.367516  103.856308
1.3796564  103.7644375
1.311954  103.836501
1.3095421  103.8520549
1.3724427  103.9500034
1.3208785  103.7433775
1.4298364  103.8279322
1.423845  103.840826
1.466237  103.7290039
1.4537044  103.8328239
1.3667921  103.9644405
1.3118141  103.794665
1.3150829  103.7711377
1.2859691  103.8595517
1.3853805  103.7447772
1.2901157  103.8391775
1.2983676  103.8563345
1.4352032  103.7868236
1.3964123  103.7535445
1.336076  103.768149
1.4683583  103.7496726
1.46058  103.70489
1.2894831  103.836424
1.264002  103.812509
1.3154126  103.8978768
1.309546  103.763868
1.2975901  103.9003601
1.2738443  103.8032773
1.3072766  103.907241
1.4723  103.737
1.356716  103.98651
1.3995206  103.8178728
1.3148782  103.9414186
1.3666011  103.964193
1.2999535  103.8743638
1.349046  103.7495689
1.4429771  103.7772167
1.3158824  103.8832854
1.3339571  103.7403321
1.2838375  103.8445834
1.429083  103.7811815
1.3555286  103.8794344
1.3808419  103.8465126
1.3075373  103.9241839
1.354371  103.98517
1.429062  103.714101
1.3973467  103.8730249
1.3141483  103.9194507
1.3344018  103.7222136
1.4202357  103.8263379
1.337972  103.7934954
1.312131  103.797115
1.290842  103.860185
1.293079  103.858284
1.305561  103.825854
1.3389731  103.7056306
1.3038766  103.791974
1.311228  103.796542
1.3738685  103.8456481
1.310082  103.852201
1.3546063  103.9892829
1.4456887  103.7981859
1.3629144  103.8556385
1.3581629  103.7507487
1.3972252  103.7468982
1.386022  103.933674
1.332981  103.8492976
1.3043514  103.7871558
1.3501053  103.7495243
1.3136548  103.9015793
1.4149224  103.8351395
1.319594  103.827385
1.3064099  103.8269708
1.2776795  103.8427104
1.3140558  103.8573285
1.3969527  103.8729924
1.35012  103.74927
1.320027  103.843507
1.3546465  103.8309845
1.317189  103.8439226
1.337701  103.921399
1.3311504  103.8072854
1.469798  103.7812028
1.3790849  103.955139
1.362233  103.9737444
1.2965439  103.8548966
1.3423757  103.7325809
1.3899721  103.9884865
1.3539952  103.9451043
1.336318  103.94726
1.3323204  103.848533
1.465369  103.759686
1.34909  103.770732
1.3114623  103.7951905
1.306464  103.833224
1.344763  103.731524
1.310007  103.8992957
1.3727551  103.9494011
1.3838183  103.8467087
1.421441  103.825917
1.3777597  103.7386113
1.30665  103.82782
1.2823578  103.8465045
1.334938  103.746872
1.3924852  103.9170102
1.3109465  103.8352598
1.301078  103.905279
1.3400071  103.7748901
1.354371  103.98517
1.484033  103.77454
1.2994772  103.7876346
1.329839  103.9309
1.3481666  103.7443516
1.310088  103.841465
1.3375348  103.7937025
1.3790849  103.955139
1.2807835  103.8417988
1.3317794  103.9012081
1.3118155  103.8366259
1.3724289  103.844726
1.4484165  103.819167
1.3255413  103.8494434
1.3119875  103.9222689
1.3111368  103.8265902
1.3489403  103.7518073
1.4179499  103.7078584
1.282535  103.853588
1.34675  103.72908
1.4423509  103.8252503
1.3012744  103.9049817
1.3048352  103.8242405
1.334663  103.7469757
1.2858554  103.8540314
1.3267448  103.843377
1.441805  103.8248911
1.30577  103.8294458
1.2857548  103.8036015
1.4434781  103.8260433
1.3424062  103.7765231
1.2966924  103.8566514
1.294499  103.859225
1.294399  103.796002
1.462733  103.7738401
1.334632  103.961381
1.289062  103.84833
1.3118237  103.7942021
1.44596  103.79817
1.3282381  103.7516428
1.461302  103.7054362
1.4052136  103.7904838
1.324369  103.851096
1.3771316  103.8280871
1.4404582  103.8249888
1.352672  103.944765
1.3455405  103.7963026
1.4320097  103.7095991
1.2930256  103.8589826
1.2853692  103.8596605
1.381435  103.751861
1.387456  103.869295
1.3119888  103.8395742
1.39808  103.74711
1.4317661  103.8285067
1.4293353  103.780704
1.3241236  103.8517934
1.3185551  103.9740143
1.3154219  103.7668398
1.3692879  103.8480881
1.397396  103.7466732
1.335713  103.786536
1.32092  103.708801
1.45289  103.8103894
1.26338  103.823537
1.2937155  103.8535097
1.3375822  103.7935498
1.3854808  103.7450564
1.342935  103.7750442
1.3283955  103.8699223
1.291032  103.857551
1.3588285  103.7676751
1.3081404  103.8569748
1.3210136  103.7088561
1.3084576  103.8509941
1.4730621  103.6953925
1.293258  103.858397
1.3594214  103.8847963
1.3019385  103.8600111
1.4298312  103.8354763
1.3116079  103.7947962
1.2938383  103.8418629
1.3170536  103.7787363
1.4371539  103.7545526
1.2965857  103.8995642
1.4361555  103.7859809
1.3910449  103.7480112
1.3803947  103.8461461
1.3057134  103.9043333
1.471446  103.783743
1.3330446  103.7907305
1.3434146  103.8703261
1.2817169  103.8455124
1.4725397  103.774878
1.3556698  103.8400174
1.2885093  103.8374112
1.2772333  103.8463972
1.4076051  103.7447146
1.3526196  103.9440896
1.348204  103.744198
1.29906  103.85544
1.3975697  103.8185697
1.31155  103.796597
1.2947153  103.8593584
1.3544182  103.9881767
1.3052623  103.8819227
1.2975859  103.9003169
1.263423  103.822826
1.3905875  103.986
1.2859175  103.854071
1.3836111  103.9452778
1.2998775  103.7681787
1.3317806  103.793983
1.4634512  103.8366976
1.435152  103.787195
1.379861  103.9361799
1.3031511  103.8587157
1.293733  103.8594103
1.3126618  103.7489706
1.305467  103.815587
1.4659389  103.7436879
1.3115062  103.7946337
1.420078  103.717158
1.3104677  103.9460774
1.385885  103.8731388
1.3366327  103.8366998
1.3396764  103.7069407
1.3200984  103.8527311
1.2647924  103.8221695
1.3073385  103.9066108
1.3394642  103.7064282
1.2910245  103.8411964
1.4291641  103.8357454
1.3401945  103.8580739
1.3718278  103.8478972
1.3097578  103.85729
1.3391112  103.7060581
1.4651555  103.7302501
1.3594625  103.8852149
1.403843  103.7894558
1.3692879  103.8480881
1.436319  103.7862414
1.2644044  103.8226469
1.391043  103.9863735
1.2479728  103.8275047
1.312588  103.862961
1.359626  103.8853804
1.2939383  103.8541842
1.3127464  103.900157
1.3430655  103.7972417
1.30648  103.8316748
1.3552373  103.9890839
1.341603  103.6971886
1.3364266  103.7869282
1.311725  103.836504
1.3133126  103.9274639
1.3723359  103.8938859
1.288942  103.847714
1.3129164  103.9247496
1.3723688  103.9493497
1.2875312  103.8412108
1.3049938  103.7877342
